resource: [0, 0, 0, 0, 0, 0, 0, 0, 0, 0, 0, 0, 0, 0, 0, 0, 0, 0, 5, 5, 0, 5, 0, 9,
  0, 0, 0, 0, 0, 0, 0, 0, 0, 0, 0, 0, 0, 0, 0, 0, 0, 0, 0, 0, 0, 0, 0, 0, 0, 0, 0,
  0, 0, 0, 6, 6, 0, 10, 1, 0, 0, 0, 0, 0, 0, 0, 1, 3, 6, 6, 7, 6, 0, 0, 0, 0, 0, 0,
  0, 0, 6, 0, 0, 0, 0, 1, 6, 6, 6, 6, 0, 6, 0, 6, 7, 6, 6, 6, 6, 6, 0, 0, 0, 0, 0,
  0, 0, 0, 0, 0, 0, 0, 0, 0, 0, 0, 0, 5, 1, 0, 0, 5, 2, 1, 1, 0, 0, 0, 0, 0, 0, 0,
  0, 0, 0, 0, 0, 0, 0, 0, 0, 0, 0, 0, 0, 0, 0, 0, 0, 0, 0, 0, 0, 10, 6, 6, 6, 2, 0,
  0, 0, 0, 0, 0, 0, 0, 3, 3, 0, 3, 2, 3, 0, 0, 1, 0, 0, 1, 0, 6, 6, 6, 0, 1, 6, 1,
  0, 0, 1, 0, 6, 6, 6, 6, 6, 6, 6, 0, 0, 0, 0, 0, 0, 0, 0, 0, 0, 0, 0, 0, 0, 0, 0,
  0, 0, 0, 0, 0, 0, 0, 0, 0, 0, 1, 3, 0, 0, 0, 0, 0, 0, 0, 0, 0, 0, 0, 0, 0, 0, 0,
  0, 0, 0, 0, 0, 0, 0, 0, 0, 0, 0, 0, 0, 0, 6, 6, 6, 0, 0, 0, 0, 0, 0, 0, 0, 2, 1,
  3, 0, 1, 1, 1, 0, 0, 1, 2, 0, 1, 0, 1, 2, 2, 1, 0, 6, 0, 0, 0, 0, 0, 0, 0, 1, 0,
  6, 0, 0, 1, 1, 0, 0, 0, 0, 0, 0, 0, 0, 0, 0, 0, 0, 0, 0, 0, 0, 0, 0, 0, 0, 0, 0,
  0, 0, 0, 5, 9, 0, 0, 0, 0, 0, 0, 0, 0, 0, 0, 0, 0, 0, 0, 0, 0, 0, 0, 0, 0, 0, 0,
  0, 0, 0, 0, 0, 0, 10, 6, 1, 1, 0, 0, 0, 0, 0, 0, 0, 0, 0, 0, 2, 1, 0, 3, 0, 0, 1,
  0, 2, 1, 0, 2, 0, 0, 1, 6, 1, 1, 2, 1, 0, 0, 0, 1, 0, 0, 0, 0, 0, 0, 0, 0, 0, 0,
  0, 0, 0, 0, 0, 0, 0, 0, 0, 0, 0, 0, 5, 3, 3, 0, 0, 0, 0, 1, 0, 0, 5, 1, 1, 1, 0,
  0, 0, 0, 0, 0, 0, 0, 0, 0, 0, 0, 0, 0, 0, 0, 0, 0, 0, 0, 0, 0, 0, 0, 1, 0, 0, 7,
  2, 0, 0, 0, 0, 0, 0, 0, 0, 0, 2, 0, 0, 0, 2, 1, 0, 0, 0, 0, 0, 2, 0, 0, 1, 1, 6,
  6, 6, 0, 1, 0, 2, 0, 0, 0, 0, 0, 0, 0, 0, 1, 1, 0, 0, 0, 0, 0, 0, 0, 0, 0, 0, 0,
  0, 0, 0, 0, 0, 0, 0, 0, 0, 0, 0, 0, 2, 0, 1, 2, 2, 3, 0, 0, 0, 0, 0, 0, 0, 0, 0,
  0, 0, 0, 0, 0, 0, 0, 0, 0, 0, 0, 5, 1, 0, 0, 0, 1, 6, 2, 0, 0, 0, 0, 0, 0, 0, 0,
  0, 1, 1, 0, 0, 0, 0, 0, 3, 0, 0, 0, 0, 2, 0, 1, 0, 6, 7, 7, 2, 2, 0, 1, 0, 0, 0,
  0, 1, 0, 0, 0, 0, 0, 6, 0, 0, 0, 0, 0, 0, 0, 0, 0, 0, 0, 0, 0, 0, 1, 0, 0, 1, 0,
  0, 0, 0, 5, 0, 3, 5, 0, 0, 5, 0, 0, 0, 0, 0, 0, 0, 0, 0, 0, 0, 0, 0, 0, 0, 0, 0,
  0, 0, 0, 0, 2, 0, 0, 0, 0, 0, 0, 0, 0, 0, 0, 0, 0, 0, 0, 3, 1, 6, 6, 1, 0, 0, 0,
  1, 2, 0, 0, 1, 0, 0, 0, 2, 0, 6, 1, 0, 1, 0, 0, 0, 0, 1, 1, 0, 1, 1, 0, 0, 0, 6,
  6, 0, 0, 0, 0, 0, 0, 0, 0, 0, 0, 0, 0, 1, 0, 0, 1, 0, 0, 0, 0, 1, 0, 0, 0, 9, 0,
  5, 0, 0, 0, 0, 0, 0, 0, 0, 0, 0, 0, 0, 0, 0, 0, 0, 0, 0, 0, 0, 0, 0, 2, 1, 0, 0,
  0, 0, 0, 0, 0, 0, 0, 0, 0, 0, 0, 1, 6, 6, 0, 0, 0, 0, 0, 2, 0, 0, 0, 0, 0, 1, 0,
  0, 0, 0, 1, 0, 0, 2, 2, 0, 0, 1, 0, 0, 0, 0, 0, 9, 0, 7, 6, 0, 0, 0, 0, 0, 0, 0,
  0, 0, 0, 0, 0, 3, 5, 2, 0, 0, 0, 0, 0, 0, 1, 0, 0, 0, 10, 6, 1, 0, 1, 0, 0, 0, 0,
  0, 0, 0, 0, 0, 0, 0, 0, 0, 0, 0, 0, 0, 0, 0, 5, 5, 1, 0, 0, 0, 0, 0, 0, 0, 0, 0,
  0, 0, 0, 1, 1, 0, 0, 0, 0, 1, 1, 1, 0, 0, 0, 1, 1, 0, 0, 0, 0, 0, 0, 2, 1, 1, 0,
  1, 0, 0, 0, 0, 1, 1, 0, 0, 0, 0, 6, 0, 0, 0, 0, 0, 0, 0, 0, 0, 0, 0, 0, 3, 2, 1,
  1, 0, 0, 0, 0, 0, 0, 5, 2, 0, 1, 6, 0, 0, 1, 5, 5, 0, 0, 0, 0, 0, 0, 0, 0, 0, 0,
  0, 0, 0, 0, 0, 0, 0, 0, 3, 0, 2, 0, 0, 0, 0, 0, 0, 0, 0, 0, 3, 0, 1, 0, 1, 1, 0,
  0, 1, 0, 1, 0, 0, 0, 0, 0, 0, 6, 6, 0, 0, 0, 0, 1, 0, 0, 2, 0, 1, 0, 0, 1, 0, 0,
  0, 0, 6, 6, 0, 0, 0, 0, 0, 0, 0, 0, 0, 0, 0, 0, 0, 0, 0, 0, 0, 0, 0, 0, 0, 0, 5,
  0, 2, 0, 1, 0, 3, 0, 0, 0, 0, 0, 0, 0, 0, 0, 0, 0, 0, 0, 0, 0, 0, 0, 0, 0, 0, 0,
  0, 1, 1, 2, 0, 0, 0, 0, 0, 0, 0, 0, 0, 6, 6, 0, 2, 2, 0, 2, 1, 1, 0, 0, 0, 0, 0,
  0, 0, 6, 0, 0, 0, 0, 0, 2, 0, 2, 1, 2, 0, 1, 2, 2, 1, 1, 0, 0, 6, 6, 0, 0, 0, 0,
  0, 0, 0, 0, 0, 0, 0, 0, 0, 0, 0, 0, 0, 0, 0, 0, 10, 1, 0, 3, 0, 1, 0, 0, 1, 1, 0,
  0, 0, 0, 0, 0, 0, 0, 0, 0, 0, 0, 0, 0, 0, 0, 0, 0, 0, 3, 2, 5, 0, 0, 0, 0, 0, 3,
  0, 7, 2, 0, 6, 6, 0, 1, 0, 1, 0, 0, 0, 0, 1, 1, 0, 0, 6, 6, 0, 0, 0, 6, 6, 0, 2,
  0, 1, 1, 2, 0, 3, 1, 0, 1, 0, 6, 0, 0, 0, 0, 0, 0, 0, 0, 0, 0, 0, 0, 0, 0, 0, 0,
  0, 0, 0, 0, 0, 0, 0, 0, 9, 0, 9, 0, 1, 1, 0, 0, 1, 0, 2, 0, 0, 0, 0, 0, 0, 0, 0,
  0, 0, 0, 0, 0, 0, 0, 0, 0, 0, 1, 1, 3, 0, 0, 0, 0, 0, 3, 6, 6, 0, 0, 0, 0, 1, 0,
  0, 1, 1, 0, 0, 1, 2, 0, 1, 0, 0, 6, 6, 0, 0, 6, 6, 0, 0, 0, 2, 1, 0, 3, 3, 0, 0,
  1, 0, 6, 6, 0, 0, 0, 0, 0, 0, 0, 0, 0, 0, 0, 0, 0, 0, 0, 0, 0, 0, 0, 0, 0, 0, 0,
  0, 0, 0, 0, 0, 0, 2, 0, 2, 0, 0, 0, 1, 0, 0, 0, 0, 0, 0, 0, 0, 0, 0, 0, 0, 0, 0,
  0, 1, 0, 3, 0, 0, 0, 0, 0, 0, 6, 6, 7, 0, 3, 3, 0, 3, 1, 0, 0, 2, 1, 0, 0, 10, 0,
  0, 0, 0, 0, 0, 0, 0, 0, 0, 0, 2, 0, 0, 0, 0, 0, 1, 1, 2, 3, 0, 6, 0, 0, 0, 0, 0,
  0, 0, 0, 0, 0, 0, 0, 0, 0, 0, 0, 0, 0, 0, 0, 0, 0, 0, 0, 0, 0, 0, 0, 0, 1, 1, 0,
  0, 0, 0, 2, 0, 0, 0, 0, 0, 0, 0, 0, 0, 0, 0, 0, 0, 0, 0, 1, 0, 0, 3, 0, 1, 0, 1,
  0, 0, 1, 2, 0, 1, 0, 6, 6, 0, 1, 10, 0, 0, 0, 1, 0, 0, 0, 0, 0, 1, 2, 0, 0, 1, 1,
  0, 0, 1, 2, 5, 2, 2, 1, 1, 3, 3, 3, 0, 1, 0, 0, 9, 0, 0, 0, 0, 0, 0, 0, 0, 0, 0,
  0, 0, 0, 0, 0, 0, 0, 0, 0, 0, 0, 0, 1, 1, 0, 0, 0, 0, 1, 6, 6, 0, 0, 0, 0, 0, 0,
  0, 0, 0, 0, 0, 0, 0, 0, 0, 0, 1, 0, 0, 0, 0, 1, 2, 3, 0, 2, 1, 0, 3, 1, 0, 0, 5,
  0, 6, 0, 3, 0, 0, 0, 10, 0, 0, 0, 9, 1, 2, 0, 0, 1, 2, 0, 0, 5, 0, 5, 2, 0, 3, 0,
  0, 3, 0, 0, 0, 1, 1, 0, 0, 0, 0, 0, 0, 0, 0, 0, 0, 0, 0, 0, 0, 0, 0, 0, 0, 0, 0,
  0, 0, 0, 0, 2, 0, 0, 0, 0, 0, 0, 0, 0, 0, 0, 0, 0, 0, 0, 0, 0, 0, 0, 2, 0, 0, 0,
  0, 0, 0, 0, 2, 0, 0, 2, 2, 0, 0, 1, 0, 1, 2, 1, 2, 2, 0, 7, 6, 5, 0, 0, 3, 0, 0,
  0, 0, 0, 0, 0, 2, 1, 0, 0, 0, 0, 0, 1, 2, 3, 0, 3, 1, 3, 0, 0, 10, 0, 2, 0, 0, 1,
  0, 9, 0, 0, 0, 0, 0, 0, 0, 0, 0, 0, 0, 0, 0, 0, 0, 0, 0, 0, 0, 0, 0, 0, 0, 0, 0,
  0, 0, 0, 0, 0, 0, 0, 0, 0, 0, 1, 0, 0, 1, 1, 0, 2, 0, 0, 0, 0, 2, 0, 0, 2, 0, 1,
  0, 3, 0, 0, 1, 0, 0, 1, 0, 0, 0, 0, 0, 0, 0, 0, 1, 1, 3, 0, 8, 8, 0, 0, 1, 0, 0,
  0, 0, 0, 0, 1, 1, 2, 1, 1, 1, 3, 10, 0, 0, 0, 2, 8, 8, 8, 9, 0, 0, 0, 0, 0, 0, 0,
  0, 0, 0, 0, 0, 0, 0, 0, 0, 0, 0, 0, 0, 0, 0, 0, 0, 0, 0, 0, 0, 0, 0, 0, 0, 0, 0,
  0, 2, 1, 1, 2, 2, 0, 1, 0, 1, 1, 0, 1, 0, 1, 1, 0, 1, 3, 1, 1, 0, 1, 3, 3, 0, 1,
  1, 0, 6, 0, 9, 1, 0, 0, 9, 0, 0, 0, 0, 0, 0, 0, 0, 0, 0, 0, 8, 0, 0, 0, 1, 0, 2,
  0, 0, 3, 0, 0, 10, 0, 1, 8, 0, 0, 0, 0, 0, 0, 0, 0, 0, 0, 0, 0, 0, 0, 0, 0, 0, 0,
  0, 0, 0, 0, 0, 0, 0, 0, 0, 0, 0, 0, 0, 0, 0, 0, 0, 0, 0, 0, 0, 5, 0, 0, 2, 6, 6,
  0, 0, 0, 5, 2, 0, 1, 0, 0, 0, 6, 0, 1, 0, 0, 2, 0, 0, 0, 6, 7, 0, 0, 1, 0, 0, 0,
  0, 0, 0, 0, 0, 0, 0, 0, 0, 0, 0, 6, 0, 0, 0, 0, 1, 3, 0, 3, 0, 0, 0, 2, 2, 2, 0,
  0, 0, 0, 0, 0, 0, 0, 0, 0, 0, 0, 0, 0, 0, 0, 0, 0, 0, 0, 0, 0, 0, 0, 0, 0, 0, 0,
  0, 1, 0, 0, 0, 0, 0, 0, 0, 0, 0, 0, 0, 1, 0, 9, 5, 5, 0, 0, 9, 0, 10, 0, 0, 0, 1,
  0, 0, 6, 6, 6, 0, 0, 0, 1, 0, 6, 6, 6, 3, 2, 2, 3, 5, 5, 0, 1, 2, 0, 0, 0, 2, 0,
  2, 0, 0, 0, 0, 0, 0, 6, 0, 3, 0, 0, 0, 0, 2, 1, 0, 0, 0, 0, 0, 0, 0, 0, 0, 0, 0,
  0, 0, 0, 0, 0, 0, 0, 0, 0, 0, 0, 0, 0, 0, 0, 0, 0, 0, 0, 1, 1, 0, 0, 0, 0, 0, 0,
  1, 1, 0, 1, 1, 6, 6, 6, 6, 0, 0, 0, 6, 0, 2, 1, 1, 2, 0, 0, 6, 6, 6, 1, 1, 3, 1,
  0, 7, 0, 6, 0, 0, 0, 0, 1, 1, 0, 0, 1, 2, 2, 1, 1, 2, 2, 1, 1, 10, 0, 0, 0, 0, 0,
  0, 1, 1, 1, 5, 0, 2, 0, 0, 0, 0, 0, 0, 0, 0, 0, 0, 0, 0, 0, 0, 0, 0, 0, 0, 0, 0,
  0, 0, 0, 0, 0, 0, 0, 1, 1, 6, 0, 0, 0, 0, 1, 0, 0, 0, 0, 0, 0, 1, 1, 1, 0, 6, 6,
  6, 0, 6, 0, 5, 0, 0, 1, 1, 0, 3, 0, 2, 0, 1, 2, 0, 1, 3, 2, 0, 0, 0, 0, 1, 0, 0,
  0, 1, 2, 2, 0, 0, 0, 1, 0, 3, 0, 0, 0, 0, 2, 0, 0, 0, 0, 0, 3, 3, 0, 5, 3, 2, 0,
  0, 0, 0, 0, 0, 0, 0, 0, 0, 0, 0, 0, 0, 0, 0, 0, 0, 0, 0, 0, 0, 0, 0, 0, 0, 0, 7,
  6, 1, 5, 1, 0, 1, 2, 0, 0, 0, 0, 0, 0, 0, 0, 1, 0, 6, 6, 6, 6, 1, 6, 0, 5, 0, 1,
  1, 0, 2, 1, 1, 0, 0, 0, 0, 2, 0, 0, 0, 10, 9, 1, 0, 2, 0, 0, 3, 3, 1, 0, 0, 0, 1,
  0, 0, 1, 1, 0, 0, 2, 1, 0, 0, 0, 0, 0, 0, 1, 1, 1, 0, 0, 0, 0, 0, 0, 0, 0, 0, 0,
  0, 0, 0, 0, 0, 0, 0, 0, 0, 0, 0, 0, 0, 0, 0, 0, 0, 0, 0, 6, 1, 5, 0, 0, 2, 0, 0,
  5, 0, 0, 1, 0, 1, 0, 0, 0, 1, 0, 0, 10, 1, 0, 0, 0, 9, 0, 1, 6, 6, 1, 0, 3, 0, 3,
  3, 1, 2, 1, 1, 1, 0, 2, 2, 3, 3, 0, 0, 0, 0, 0, 1, 0, 1, 0, 0, 0, 1, 1, 0, 0, 0,
  1, 0, 0, 0, 0, 0, 0, 0, 0, 0, 0, 0, 0, 0, 0, 0, 0, 0, 0, 0, 0, 0, 0, 0, 0, 0, 0,
  0, 0, 0, 0, 0, 0, 0, 0, 0, 0, 0, 0, 0, 0, 0, 0, 0, 1, 0, 0, 2, 0, 1, 2, 0, 0, 1,
  1, 0, 0, 0, 0, 0, 0, 6, 6, 0, 0, 7, 6, 6, 0, 0, 2, 1, 1, 0, 0, 0, 2, 0, 10, 0, 0,
  0, 5, 2, 1, 2, 0, 2, 0, 0, 0, 1, 0, 0, 0, 0, 2, 0, 1, 0, 5, 6, 6, 0, 0, 1, 0, 0,
  0, 0, 0, 0, 0, 0, 0, 0, 0, 0, 0, 0, 0, 0, 0, 0, 0, 0, 0, 0, 0, 0, 0, 0, 0, 0, 0,
  0, 0, 0, 0, 0, 0, 0, 0, 0, 1, 1, 2, 2, 6, 0, 0, 0, 0, 0, 2, 0, 2, 2, 0, 0, 0, 6,
  6, 0, 0, 1, 0, 6, 0, 0, 0, 0, 1, 0, 1, 1, 1, 2, 1, 0, 2, 1, 0, 5, 0, 1, 2, 1, 0,
  0, 2, 1, 1, 5, 0, 0, 0, 2, 0, 0, 5, 0, 6, 0, 0, 1, 0, 0, 0, 0, 0, 0, 0, 0, 0, 0,
  0, 0, 0, 0, 0, 0, 0, 0, 0, 0, 0, 0, 0, 0, 0, 0, 0, 0, 0, 0, 0, 0, 0, 0, 0, 0, 0,
  0, 0, 6, 6, 6, 3, 3, 0, 0, 0, 1, 2, 5, 0, 0, 0, 0, 0, 6, 6, 0, 1, 0, 0, 0, 5, 2,
  2, 0, 0, 0, 2, 0, 0, 0, 1, 0, 0, 0, 0, 3, 3, 2, 0, 2, 2, 0, 1, 0, 0, 5, 0, 0, 0,
  0, 0, 0, 6, 0, 0, 0, 0, 0, 0, 1, 0, 0, 0, 0, 0, 0, 0, 0, 0, 0, 0, 0, 0, 0, 0, 0,
  0, 0, 0, 0, 0, 0, 0, 0, 0, 0, 0, 0, 0, 0, 0, 0, 0, 0, 0, 0, 0, 0, 0, 1, 0, 2, 1,
  1, 2, 0, 0, 5, 0, 0, 0, 0, 0, 0, 0, 0, 0, 0, 0, 0, 0, 0, 0, 0, 5, 7, 6, 9, 0, 0,
  0, 0, 0, 0, 0, 0, 5, 5, 0, 1, 0, 0, 0, 7, 2, 2, 1, 0, 3, 0, 6, 6, 6, 6, 0, 0, 0,
  0, 0, 0, 0, 0, 0, 0, 0, 0, 0, 0, 0, 0, 0, 0, 0, 0, 0, 0, 0, 0, 0, 0, 0, 0, 0, 0,
  0, 0, 0, 0, 0, 0, 0, 0, 0, 0, 0, 0, 0, 3, 3, 0, 0, 0, 0, 0, 0, 0, 0, 0, 5, 3, 2,
  0, 0, 9, 0, 0, 0, 0, 0, 0, 0, 0, 0, 0, 0, 0, 0, 0, 0, 0, 0, 0, 0, 0, 0, 0, 0, 2,
  1, 1, 1, 6, 6, 7, 0, 0, 1, 0, 0, 6, 7, 0, 0, 0, 0, 0, 0, 0, 2, 1, 0, 0, 0, 0, 0,
  0, 0, 0, 0, 0, 0, 0, 0, 0, 0, 0, 0, 0, 0, 0, 0, 0, 0, 0, 0, 0, 0, 0, 0, 0, 0, 0,
  0, 0, 0, 0, 0, 2, 2, 5, 5, 1, 0, 0, 1, 1, 0, 1, 1, 3, 2, 0, 0, 0, 1, 0, 0, 0, 0,
  0, 0, 0, 0, 0, 0, 0, 0, 0, 0, 0, 0, 0, 0, 3, 3, 0, 1, 0, 1, 0, 1, 0, 0, 6, 7, 0,
  0, 0, 0, 0, 0, 0, 0, 0, 0, 0, 0, 0, 0, 0, 0, 0, 0, 0, 0, 0, 0, 0, 0, 0, 0, 0, 0,
  0, 0, 0, 0, 0, 0, 0, 0, 0, 0, 0, 0, 0, 0, 0, 0, 0, 0, 0, 0, 0, 0, 0, 0, 0, 1, 2,
  0, 1, 0, 2, 2, 6, 6, 2, 0, 0, 0, 5, 1, 1, 0, 9, 0, 0, 0, 0, 2, 2, 0, 0, 0, 0, 0,
  0, 0, 0, 0, 0, 2, 2, 0, 0, 0, 2, 9, 0, 0, 10, 6, 6, 2, 0, 9, 0, 2, 0, 2, 0, 0, 8,
  8, 2, 5, 2, 0, 0, 2, 0, 0, 0, 0, 0, 0, 0, 0, 0, 0, 0, 0, 0, 0, 0, 0, 0, 0, 0, 0,
  0, 0, 0, 0, 0, 0, 0, 0, 0, 0, 0, 0, 0, 0, 0, 0, 0, 0, 1, 3, 0, 0, 1, 0, 0, 9, 0,
  1, 0, 0, 5, 6, 6, 5, 0, 0, 0, 1, 0, 0, 0, 0, 0, 0, 1, 0, 0, 0, 1, 0, 1, 1, 0, 0,
  0, 0, 0, 0, 0, 0, 0, 0, 1, 2, 1, 1, 0, 0, 1, 1, 0, 0, 8, 0, 5, 5, 0, 5, 2, 0, 0,
  0, 0, 0, 0, 0, 0, 1, 0, 1, 0, 0, 0, 0, 0, 0, 0, 0, 0, 0, 0, 0, 0, 0, 0, 0, 0, 0,
  0, 0, 0, 0, 0, 0, 0, 0, 0, 2, 2, 3, 1, 0, 6, 0, 0, 0, 3, 3, 0, 0, 0, 0, 0, 1, 0,
  0, 1, 1, 9, 10, 0, 1, 2, 0, 0, 1, 1, 2, 1, 0, 5, 0, 0, 0, 0, 0, 0, 0, 0, 1, 2, 0,
  1, 0, 0, 0, 9, 0, 0, 0, 0, 0, 0, 0, 2, 0, 0, 1, 1, 1, 2, 0, 0, 0, 0, 0, 3, 3, 1,
  0, 0, 0, 0, 0, 0, 0, 0, 0, 0, 0, 0, 0, 0, 0, 0, 0, 0, 0, 0, 0, 0, 0, 0, 0, 0, 0,
  6, 1, 1, 2, 0, 2, 2, 6, 5, 1, 1, 2, 0, 1, 1, 0, 0, 0, 0, 0, 0, 1, 0, 0, 0, 0, 2,
  0, 1, 1, 0, 0, 2, 0, 0, 0, 0, 0, 0, 0, 0, 0, 0, 0, 0, 2, 6, 6, 0, 1, 1, 2, 0, 1,
  2, 2, 1, 0, 0, 0, 1, 1, 1, 0, 0, 0, 1, 0, 0, 0, 0, 0, 0, 0, 0, 0, 0, 0, 0, 0, 0,
  0, 0, 0, 0, 0, 0, 0, 0, 0, 0, 0, 0, 1, 0, 0, 0, 0, 0, 0, 6, 0, 2, 2, 0, 0, 0, 5,
  0, 0, 0, 0, 1, 0, 0, 0, 0, 0, 0, 0, 2, 0, 0, 0, 0, 0, 0, 0, 0, 0, 0, 0, 3, 1, 0,
  0, 0, 0, 0, 0, 0, 0, 0, 0, 0, 6, 6, 1, 1, 0, 2, 0, 0, 0, 0, 0, 0, 0, 0, 6, 6, 6,
  0, 0, 0, 0, 0, 5, 0, 0, 0, 0, 0, 0, 0, 0, 0, 0, 0, 0, 0, 0, 0, 0, 0, 0, 0, 0, 0,
  0, 0, 1, 9, 5, 5, 0, 1, 5, 0, 0, 6, 5, 0, 1, 0, 1, 1, 2, 0, 3, 0, 0, 0, 0, 0, 0,
  0, 0, 0, 0, 0, 0, 0, 0, 0, 0, 0, 0, 0, 0, 0, 0, 0, 1, 0, 2, 0, 0, 0, 0, 0, 0, 0,
  0, 0, 6, 6, 2, 1, 5, 5, 0, 0, 0, 0, 0, 0, 0, 0, 0, 6, 6, 0, 0, 0, 0, 1, 1, 5, 0,
  1, 0, 0, 0, 0, 0, 0, 0, 0, 0, 0, 0, 0, 0, 0, 0, 0, 0, 0, 0, 0, 2, 0, 0, 0, 1, 0,
  0, 0, 10, 3, 1, 2, 2, 7, 1, 2, 2, 3, 0, 1, 0, 0, 0, 0, 0, 0, 0, 0, 0, 0, 0, 0, 0,
  0, 0, 0, 0, 1, 1, 0, 0, 0, 0, 1, 1, 0, 0, 0, 0, 0, 0, 0, 0, 6, 6, 0, 1, 1, 0, 0,
  0, 0, 0, 0, 0, 0, 0, 0, 0, 0, 0, 0, 0, 0, 0, 0, 0, 0, 1, 0, 3, 0, 0, 0, 0, 0, 0,
  0, 0, 0, 0, 0, 0, 0, 0, 0, 0, 0, 0, 0, 0, 0, 0, 0, 0, 3, 3, 1, 0, 0, 5, 6, 0, 6,
  6, 6, 6, 0, 0, 0, 0, 0, 0, 0, 0, 0, 0, 0, 0, 0, 0, 0, 0, 0, 0, 0, 0, 0, 0, 0, 0,
  0, 0, 0, 0, 0, 0, 0, 0, 0, 0, 0, 0, 0, 6, 0, 0, 0, 6, 0, 0, 5, 0, 0, 0, 5, 5, 1,
  0, 0, 0, 0, 0, 0, 2, 0, 0, 0, 5, 5, 0, 0, 0, 0, 0, 0, 0, 0, 0, 0, 0, 0, 0, 0, 0,
  0, 0, 0, 0, 1, 5, 5, 0, 0, 3, 0, 0, 0, 0, 0, 0, 0, 5, 10, 0, 5, 0, 1, 0, 0, 0, 0,
  0, 0, 0, 0, 0, 2, 0, 0, 0, 0, 0, 0, 0, 0, 0, 0, 0, 0, 0, 2, 5, 5, 0, 1, 0, 0, 0,
  0, 0, 0, 0, 0, 0, 0, 1, 6, 6, 6, 0, 0, 5, 1, 3, 3, 0, 1, 2, 0, 0, 0, 0, 0, 0, 0,
  3, 0, 0, 0, 0, 0, 0, 0, 0, 0, 0, 0, 0, 0, 0, 0, 0, 0, 0, 0, 0, 0, 0, 5, 0, 0, 0,
  2, 0, 0, 5, 0, 1, 6, 5, 0, 0, 0, 0, 0, 6, 1, 0, 0, 0, 0, 0, 0, 0, 0, 0, 2, 0, 0,
  0, 0, 0, 0, 0, 0, 0, 0, 0, 0, 0, 2, 0, 1, 0, 0, 0, 0, 0, 0, 0, 0, 0, 0, 0, 0, 0,
  0, 6, 6, 0, 0, 5, 0, 0, 3, 0, 0, 2, 0, 0, 0, 0, 0, 1, 1, 3, 0, 0, 0, 5, 0, 2, 0,
  0, 0, 0, 0, 0, 0, 0, 0, 0, 0, 0, 0, 0, 1, 5, 1, 0, 0, 0, 2, 0, 0, 0, 1, 0, 6, 6,
  0, 0, 0, 0, 6, 1, 0, 0, 0, 0, 0, 0, 0, 0, 0, 0, 0, 0, 0, 0, 0, 0, 0, 0, 0, 0, 0,
  0, 0, 0, 0, 1, 1, 2, 0, 0, 6, 6, 0, 0, 0, 0, 0, 0, 0, 1, 0, 9, 0, 0, 0, 0, 1, 1,
  0, 0, 0, 0, 0, 0, 0, 0, 0, 0, 0, 0, 0, 0, 1, 3, 0, 0, 0, 0, 0, 0, 0, 0, 0, 0, 0,
  0, 0, 0, 0, 0, 0, 0, 1, 0, 0, 0, 0, 3, 0, 0, 0, 1, 0, 0, 0, 0, 1, 0, 0, 0, 0, 0,
  0, 0, 0, 0, 0, 0, 0, 0, 0, 0, 6, 0, 0, 0, 0, 0, 0, 0, 0, 0, 0, 0, 0, 0, 0, 2, 0,
  1, 0, 6, 3, 2, 0, 0, 0, 0, 0, 0, 1, 0, 5, 0, 0, 0, 0, 0, 0, 0, 0, 0, 0, 0, 0, 0,
  0, 2, 2, 0, 0, 0, 5, 9, 0, 0, 0, 0, 0, 0, 0, 0, 0, 0, 0, 0, 0, 0, 0, 0, 0, 6, 6,
  0, 0, 5, 0, 3, 0, 1, 0, 0, 0, 0, 0, 1, 10, 1, 0, 0, 0, 0, 0, 0, 0, 0, 0, 0, 0, 2,
  0, 0, 6, 0, 0, 0, 0, 0, 0, 0, 0, 0, 0, 0, 0, 0, 0, 0, 1, 0, 7, 6, 0, 0, 0, 0, 0,
  0, 0, 0, 0, 5, 0, 0, 0, 0, 0, 5, 5, 1, 0, 0, 0, 0, 0, 0, 0, 0, 0, 0, 0, 0, 5, 0,
  0, 0, 0, 0, 0, 0, 0, 0, 0, 0, 0, 0, 0, 0, 0, 0, 1, 0, 7, 5, 0, 5, 0, 0, 0, 0, 0,
  0, 0, 0, 0, 2, 0, 0, 0, 0, 0, 0, 0, 0, 0, 0, 0, 0, 0, 0, 2, 1, 0, 0, 0, 0, 0, 0,
  0, 0, 0, 0, 0, 0, 0, 0, 0, 0, 0, 0, 0, 0, 0, 0, 0, 0, 0, 0, 0, 0, 0, 1, 1, 1, 0,
  0, 0, 0, 0, 0, 1, 0, 0, 0, 0, 0, 0, 1, 0, 3, 3, 0, 0, 5, 0, 0, 0, 0, 0, 0, 0, 0,
  0, 0, 0, 0, 0, 0, 0, 0, 1, 2, 5, 0, 0, 0, 0, 0, 0, 0, 1, 0, 0, 0, 0, 2, 1, 0, 0,
  0, 0, 0, 0, 0, 0, 0, 0, 0, 0, 0, 0, 7, 0, 0, 0, 0, 0, 0, 0, 0, 0, 0, 0, 0, 0, 0,
  0, 0, 2, 0, 0, 0, 0, 0, 0, 0, 0, 0, 0, 0, 0, 0, 0, 0, 5, 1, 0, 0, 0, 0, 2, 0, 0,
  0, 0, 0, 0, 0, 0, 2, 1, 0, 0, 1, 0, 3, 0, 0, 0, 0, 0, 0, 0, 0, 0, 0, 0, 0, 0, 0,
  0, 2, 0, 0, 5, 5, 0, 0, 3, 3, 0, 1, 0, 0, 0, 2, 2, 0, 0, 0, 0, 0, 0, 0, 0, 0, 0,
  0, 0, 0, 0, 6, 0, 0, 0, 0, 0, 0, 0, 0, 0, 0, 0, 0, 0, 0, 0, 0, 2, 0, 0, 0, 0, 0,
  0, 0, 0, 0, 0, 0, 0, 0, 0, 1, 5, 0, 0, 0, 0, 0, 0, 0, 0, 0, 0, 0, 0, 0, 0, 0, 1,
  3, 5, 10, 0, 0, 0, 0, 0, 0, 0, 0, 0, 0, 0, 0, 0, 0, 0, 0, 0, 0, 0, 1, 1, 2, 0, 0,
  0, 0, 2, 2, 1, 0, 0, 0, 0, 0, 0, 0, 0, 0, 0, 0, 0, 0, 0, 0, 0, 0, 0, 0, 0, 0, 0,
  0, 0, 0, 0, 0, 0, 0, 1, 0, 0, 0, 0, 0, 5, 5, 0, 0, 0, 0, 0, 0, 0, 0, 0, 0, 0, 0,
  0, 0, 2, 2, 0, 0, 0, 0, 0, 0, 0, 0, 0, 0, 0, 0, 0, 0, 0, 2, 0, 0, 0, 0, 0, 0, 0,
  0, 0, 0, 0, 0, 0, 0, 0, 0, 0, 0, 0, 0, 1, 1, 2, 0, 0, 0, 0, 1, 0, 0, 0, 0, 0, 0,
  0, 0, 0, 0, 0, 0, 0, 0, 0, 0, 0, 0, 0, 0, 0, 0, 0, 0, 0, 0, 0, 0, 0, 0, 0, 0, 0,
  1, 0, 0, 0, 2, 0, 2, 0, 0, 0, 0, 0, 0, 0, 0, 0, 0, 0, 0, 0, 0, 0, 0, 2, 0, 0, 0,
  0, 0, 0, 0, 1, 0, 0, 0, 0, 0, 0, 0, 0, 0, 0, 0, 0, 0, 0, 0, 0, 0, 0, 0, 0, 0, 0,
  0, 0, 0, 1, 1, 0, 0, 0, 1, 0, 2, 0, 0, 0, 0, 0, 0, 0, 0, 0, 0, 0, 0, 0, 0, 0, 0,
  0, 0, 0, 0, 0, 0, 0, 0, 0, 0, 0, 0, 0, 0, 0, 0, 0, 0, 0, 0, 4, 2, 0, 0, 0, 0, 0,
  0, 0, 0, 0, 0, 0, 0, 0, 0, 0, 0, 0, 0, 0, 0, 0, 0, 0, 6, 2, 6, 0, 1, 1, 0, 0, 0,
  0, 0, 0, 0, 0, 0, 0, 0, 0, 0, 0, 0, 0, 0, 0, 0, 0, 0, 0, 0, 0, 0, 0, 0, 0, 0, 0,
  0, 10, 0, 0, 0, 0, 0, 0, 0, 0, 0, 0, 0, 0, 0, 0, 0, 0, 0, 0, 0, 0, 0, 0, 0, 0, 0,
  0, 0, 0, 0, 0, 0, 0, 0, 0, 0, 0, 0, 4, 0, 0, 0, 0, 0, 0, 0, 0, 0, 0, 0, 0, 0, 0,
  0, 0, 0, 0, 0, 0, 0, 0, 0, 0, 0, 0, 0, 0, 0, 0, 0, 0, 0, 0, 0, 0, 0, 0, 0, 0, 0,
  0, 0, 0, 0, 0, 0, 0, 0, 0, 0, 0, 0, 0, 0, 0, 0, 0, 0, 0, 0, 0, 0, 0, 0, 0, 0, 0,
  0, 0, 0, 0, 0, 0, 0, 0, 0, 0, 0, 0, 0, 0, 0, 0, 0, 0, 0, 0, 0, 0, 0, 0, 0, 0, 0,
  0, 0, 0, 0, 0, 5, 0, 0, 0, 0, 0, 0, 0, 0, 0, 0, 0, 0, 0, 0, 0, 0, 0, 0, 0, 0, 0,
  0, 0, 0, 0, 0, 0, 0, 0, 0, 0, 0, 0, 0, 0, 0, 0, 0, 0, 0, 0, 0, 0, 0, 0, 0, 0, 0,
  0, 0, 0, 0, 0, 0, 0, 0, 0, 0, 0, 0, 0, 0, 0, 0, 0, 0, 0, 0, 0, 0, 0, 0, 0, 0, 0,
  0, 0, 0, 0, 0, 0, 0, 0, 0, 0, 0, 0, 0, 0, 0, 0, 0, 0, 0, 0, 0, 0, 0, 0, 0, 0, 0,
  0, 0, 0, 0, 0, 0, 0, 0, 0, 0, 0, 0, 0, 0, 0, 0, 0, 0, 0, 0, 0, 0, 0, 0, 0, 0, 0,
  0, 0, 0, 0, 0, 0, 0, 0, 0, 0, 0, 0, 0, 0, 0, 0, 0, 0, 0, 0, 0, 0, 0, 0, 0, 0, 0,
  0, 0, 0, 0, 0, 0, 0, 0, 0, 0, 0, 0, 0, 0, 0, 0, 0, 0, 0, 0, 0, 0, 0, 0, 0, 0, 0,
  0, 0, 0, 0, 0, 0, 4, 0, 0, 0, 0, 0, 0, 0, 0, 0, 0, 0, 0, 0, 0, 0, 0, 0, 0, 0, 0,
  0, 0, 0, 0, 0, 0, 0, 0, 0, 0, 0, 0, 0, 0, 0, 0, 0, 0, 0, 0, 0, 0, 0, 0, 0, 0, 0,
  0, 0, 0, 0, 0, 0, 0, 0, 0, 0, 0, 0, 0, 0, 0, 0, 0, 0, 0, 0, 0, 0, 0, 0, 0, 0, 0,
  0, 0, 0, 0, 0, 0, 0, 0, 0, 0, 0, 0, 0, 0, 0, 0, 0, 0, 0, 0, 0, 0, 0, 0, 0, 4, 1,
  1, 0, 0, 0, 0, 0, 0, 0, 0, 0, 0, 0, 0, 0, 0, 0, 0, 0, 0, 0, 0, 0, 0, 0, 0, 0, 0,
  0, 0, 0, 0, 1, 0, 0, 0, 0, 0, 0, 0, 0, 4, 4, 0, 0, 0, 0, 0, 0, 0, 0, 0, 0, 0, 0,
  0, 0, 0, 0, 0, 0, 0, 0, 0, 0, 0, 0, 1, 1, 0, 0, 0, 0, 0, 0, 0, 0, 0, 0, 0, 0, 0,
  0, 0, 0, 0, 0, 0, 0, 0, 0, 0, 1, 0, 1, 0, 0, 0, 0, 0, 0, 0, 0, 0, 4, 0, 0, 0, 0,
  0, 0, 0, 0, 0, 0, 0, 0, 0, 0, 0, 0, 0, 0, 0, 0, 0, 0, 1, 1, 0, 9, 0, 1, 0, 0, 0,
  0, 0, 0, 0, 0, 0, 1, 1, 1, 2, 4, 0, 0, 0, 0, 0, 0, 0, 0, 0, 0, 0, 0, 0, 0, 0, 0,
  0, 0, 0, 0, 0, 0, 0, 0, 0, 2, 0, 1, 0, 0, 0, 0, 0, 0, 0, 0, 0, 0, 0, 0, 0, 0, 0,
  0, 0, 0, 1, 0, 0, 0, 0, 0, 0, 0, 0, 0, 1, 1, 0, 0, 2, 0, 0, 0, 0, 0, 0, 0, 0, 0,
  0, 0, 0, 0, 0, 0, 0, 0, 4, 4, 0, 0, 0, 0, 0, 8, 0, 0, 0, 0, 0, 0, 0, 0, 0, 0, 1,
  0, 2, 4, 0, 0, 0, 0, 0, 0, 0, 0, 0, 0, 0, 0, 1, 0, 1, 0, 0, 0, 4, 4, 0, 0, 0, 0,
  0, 2, 1, 0, 2, 2, 0, 0, 0, 0, 0, 2, 2, 0, 0, 0, 0, 1, 0, 0, 0, 0, 0, 0, 9, 0, 0,
  0, 0, 0, 0, 0, 0, 1, 1, 1, 2, 0, 0, 0, 0, 0, 0, 0, 0, 0, 0, 0, 0, 0, 0, 0, 0, 0,
  0, 0, 0, 0, 0, 0, 0, 0, 0, 0, 0, 10, 0, 0, 0, 4, 4, 2, 1, 0, 2, 2, 0, 2, 0, 0, 0,
  0, 0, 0, 0, 0, 0, 0, 0, 0, 1, 0, 0, 0, 0, 0, 0, 0, 0, 0, 0, 0, 0, 1, 0, 0, 0, 0,
  0, 8, 2, 0, 0, 0, 0, 4, 4, 1, 0, 0, 0, 2, 0, 0, 0, 0, 0, 0, 0, 0, 0, 0, 0, 0, 0,
  0, 0, 0, 0, 0, 0, 0, 0, 0, 0, 0, 0, 0, 0, 0, 0, 0, 0, 0, 0, 0, 0, 8, 0, 8, 0, 0,
  0, 0, 0, 0, 0, 0, 0, 0, 0, 0, 2, 1, 2, 1, 2, 2, 0, 0, 0, 0, 0, 0, 10, 0, 0, 0, 0,
  0, 0, 0, 0, 0, 0, 0, 0, 0, 0, 0, 0, 0, 0, 0, 0, 0, 0, 0, 0, 8, 0, 0, 0, 0, 0, 0,
  8, 8, 0, 0, 0, 0, 0, 0, 0, 0, 0, 0, 2, 2, 0, 0, 0, 0, 0, 0, 0, 0, 0, 0, 0, 0, 0,
  0, 0, 0, 0, 0, 0, 0, 0, 0, 0, 0, 0, 0, 0, 0, 0, 0, 0, 0, 0, 0, 0, 0, 0, 0, 0, 0,
  0, 0, 0, 0, 1, 1, 2, 2, 0]
terrain: [0, 0, 0, 0, 0, 0, 0, 0, 0, 0, 0, 0, 0, 0, 0, 0, 0, 0, 2, 2, 1, 2, 4, 3,
  3, 2, 0, 0, 0, 0, 0, 0, 0, 0, 0, 0, 0, 0, 0, 0, 0, 0, 0, 0, 0, 0, 4, 2, 3, 3, 3,
  3, 3, 3, 1, 1, 2, 2, 1, 0, 0, 0, 0, 0, 0, 5, 1, 1, 1, 1, 1, 1, 1, 1, 1, 1, 1, 1,
  1, 1, 1, 4, 4, 4, 4, 1, 1, 1, 1, 1, 4, 1, 4, 1, 1, 1, 1, 1, 1, 1, 0, 0, 0, 0, 0,
  0, 0, 0, 0, 0, 0, 0, 0, 0, 0, 0, 0, 2, 1, 1, 2, 2, 1, 1, 1, 1, 0, 0, 0, 0, 0, 0,
  0, 0, 0, 0, 0, 0, 0, 0, 0, 0, 0, 0, 0, 1, 2, 3, 4, 1, 0, 3, 3, 3, 1, 1, 1, 1, 1,
  0, 0, 0, 0, 0, 0, 1, 1, 1, 1, 1, 1, 1, 1, 2, 1, 4, 1, 1, 1, 1, 1, 1, 1, 1, 1, 1,
  1, 1, 1, 4, 1, 1, 1, 1, 1, 1, 1, 1, 1, 4, 0, 0, 0, 0, 0, 0, 0, 0, 0, 0, 0, 0, 0,
  0, 0, 0, 0, 1, 0, 0, 0, 0, 2, 1, 1, 1, 0, 0, 0, 0, 0, 0, 0, 0, 0, 0, 0, 0, 0, 0,
  0, 0, 0, 0, 0, 1, 0, 3, 3, 0, 0, 0, 0, 3, 1, 1, 1, 4, 0, 0, 0, 0, 0, 0, 5, 1, 1,
  1, 1, 1, 1, 1, 1, 2, 1, 1, 1, 1, 1, 1, 1, 1, 1, 1, 1, 1, 1, 1, 5, 5, 1, 1, 1, 1,
  1, 1, 1, 1, 1, 1, 0, 0, 0, 0, 0, 0, 0, 0, 0, 0, 0, 0, 0, 0, 0, 0, 0, 0, 0, 0, 0,
  0, 1, 1, 2, 2, 1, 0, 0, 0, 0, 0, 0, 0, 0, 0, 0, 0, 0, 0, 0, 0, 0, 0, 0, 0, 0, 2,
  0, 0, 0, 0, 0, 2, 2, 1, 1, 1, 0, 0, 0, 0, 0, 0, 5, 5, 1, 1, 1, 1, 1, 1, 2, 2, 1,
  1, 1, 1, 1, 1, 1, 1, 1, 1, 1, 1, 1, 1, 5, 1, 1, 1, 1, 1, 5, 1, 5, 1, 5, 5, 0, 0,
  0, 0, 0, 0, 0, 0, 0, 0, 0, 0, 0, 1, 2, 1, 1, 0, 0, 0, 1, 1, 2, 2, 2, 1, 1, 1, 0,
  0, 0, 0, 0, 0, 0, 0, 0, 0, 0, 0, 0, 0, 0, 0, 0, 0, 0, 0, 0, 5, 5, 0, 1, 2, 2, 1,
  1, 0, 0, 0, 0, 0, 0, 0, 5, 5, 1, 1, 1, 1, 1, 1, 1, 2, 1, 2, 1, 1, 2, 2, 1, 1, 1,
  1, 1, 1, 1, 1, 1, 1, 5, 5, 1, 1, 5, 1, 5, 1, 1, 1, 0, 0, 0, 0, 0, 0, 0, 0, 0, 0,
  0, 0, 0, 1, 2, 1, 1, 0, 0, 0, 0, 1, 1, 1, 1, 1, 1, 1, 0, 0, 0, 0, 0, 0, 0, 0, 0,
  0, 0, 0, 0, 0, 0, 0, 0, 0, 0, 0, 2, 1, 5, 0, 0, 1, 1, 1, 0, 0, 0, 0, 0, 0, 0, 0,
  1, 1, 1, 1, 1, 1, 1, 1, 1, 2, 2, 2, 1, 1, 2, 1, 1, 1, 1, 1, 1, 1, 5, 1, 1, 1, 5,
  1, 1, 1, 5, 1, 2, 1, 1, 1, 0, 0, 0, 0, 0, 0, 0, 0, 0, 0, 0, 0, 0, 1, 2, 1, 1, 0,
  0, 0, 0, 2, 3, 1, 2, 1, 1, 2, 0, 0, 0, 0, 0, 0, 0, 0, 0, 0, 0, 0, 0, 0, 0, 0, 0,
  0, 0, 1, 1, 1, 1, 5, 0, 1, 0, 1, 0, 0, 0, 0, 0, 0, 0, 1, 1, 1, 1, 1, 1, 1, 1, 1,
  1, 1, 1, 1, 1, 2, 1, 1, 1, 1, 1, 1, 1, 1, 1, 1, 5, 1, 1, 1, 1, 1, 1, 1, 2, 2, 1,
  1, 0, 0, 0, 0, 0, 0, 0, 0, 0, 0, 0, 0, 1, 2, 1, 1, 0, 0, 0, 1, 1, 1, 3, 3, 2, 1,
  2, 1, 0, 5, 5, 5, 0, 0, 0, 0, 0, 0, 0, 0, 0, 0, 0, 0, 0, 0, 0, 0, 1, 1, 1, 5, 0,
  0, 0, 0, 0, 0, 0, 0, 0, 0, 0, 5, 1, 1, 1, 1, 5, 1, 1, 1, 1, 1, 1, 1, 2, 2, 1, 1,
  1, 1, 1, 1, 1, 1, 1, 1, 5, 1, 1, 1, 1, 5, 5, 1, 2, 1, 1, 1, 0, 0, 0, 0, 0, 0, 0,
  0, 0, 0, 0, 1, 1, 2, 1, 1, 0, 0, 0, 1, 1, 1, 3, 3, 2, 2, 1, 1, 0, 1, 1, 1, 5, 0,
  0, 0, 0, 0, 0, 0, 0, 0, 0, 0, 0, 0, 0, 0, 0, 2, 2, 1, 0, 0, 0, 0, 0, 0, 0, 0, 0,
  0, 5, 5, 1, 1, 1, 5, 5, 1, 1, 1, 1, 1, 1, 1, 1, 1, 1, 5, 5, 5, 5, 1, 1, 1, 1, 1,
  1, 5, 1, 1, 1, 1, 1, 1, 2, 2, 1, 1, 0, 0, 0, 0, 0, 0, 0, 0, 0, 0, 0, 1, 1, 1, 1,
  1, 0, 0, 0, 0, 0, 1, 2, 1, 2, 1, 1, 1, 1, 1, 2, 2, 5, 0, 0, 0, 0, 0, 0, 0, 0, 0,
  0, 0, 0, 0, 0, 0, 5, 5, 1, 5, 1, 0, 0, 0, 0, 0, 0, 0, 0, 0, 1, 1, 1, 1, 1, 1, 1,
  1, 1, 1, 1, 1, 1, 5, 5, 5, 5, 1, 1, 5, 5, 5, 1, 1, 5, 1, 1, 1, 1, 1, 1, 1, 1, 1,
  2, 1, 1, 1, 0, 0, 0, 0, 0, 0, 0, 0, 0, 0, 0, 0, 0, 0, 0, 0, 0, 0, 0, 0, 5, 1, 2,
  1, 1, 1, 1, 1, 1, 1, 1, 1, 5, 0, 0, 0, 0, 0, 0, 0, 0, 0, 0, 0, 0, 0, 0, 0, 0, 5,
  1, 1, 1, 1, 1, 0, 0, 0, 0, 0, 5, 5, 5, 1, 1, 1, 1, 1, 1, 1, 1, 1, 1, 1, 1, 1, 5,
  5, 5, 1, 5, 5, 1, 5, 1, 1, 5, 1, 1, 1, 1, 1, 1, 1, 1, 1, 1, 1, 1, 1, 0, 0, 0, 0,
  0, 0, 0, 0, 0, 0, 0, 0, 0, 0, 0, 0, 0, 0, 0, 0, 2, 1, 1, 1, 2, 1, 1, 1, 1, 1, 1,
  5, 0, 0, 0, 0, 0, 0, 0, 0, 0, 0, 0, 0, 0, 0, 0, 0, 5, 1, 1, 2, 0, 1, 0, 0, 0, 1,
  1, 1, 1, 5, 1, 1, 1, 1, 1, 1, 1, 5, 5, 1, 1, 1, 1, 5, 1, 1, 5, 5, 5, 1, 1, 1, 1,
  1, 1, 1, 1, 1, 1, 1, 1, 1, 1, 1, 1, 1, 1, 1, 0, 0, 0, 0, 0, 0, 0, 0, 0, 0, 0, 0,
  0, 0, 0, 0, 0, 0, 0, 2, 2, 2, 2, 1, 1, 1, 1, 1, 1, 1, 1, 0, 0, 0, 0, 0, 0, 0, 0,
  0, 0, 0, 0, 0, 0, 0, 0, 0, 5, 1, 1, 1, 0, 0, 0, 5, 5, 1, 1, 1, 5, 1, 1, 1, 1, 1,
  1, 1, 1, 1, 5, 1, 1, 1, 1, 5, 5, 1, 1, 5, 5, 1, 1, 1, 1, 1, 1, 1, 1, 1, 1, 1, 1,
  1, 1, 1, 1, 1, 1, 1, 0, 0, 0, 0, 0, 0, 0, 0, 0, 0, 0, 0, 0, 0, 0, 0, 0, 0, 0, 0,
  0, 0, 0, 1, 1, 1, 1, 1, 1, 1, 1, 1, 1, 0, 0, 0, 0, 0, 0, 0, 0, 0, 0, 0, 0, 0, 5,
  1, 1, 1, 1, 1, 5, 0, 1, 1, 1, 1, 1, 1, 1, 1, 1, 1, 1, 1, 1, 1, 1, 1, 1, 1, 2, 2,
  2, 5, 5, 5, 5, 5, 1, 5, 5, 1, 1, 5, 1, 1, 1, 1, 1, 1, 1, 1, 1, 1, 1, 1, 2, 1, 0,
  0, 0, 0, 0, 0, 0, 0, 0, 0, 0, 0, 0, 0, 0, 0, 0, 0, 0, 0, 0, 0, 5, 1, 1, 1, 1, 1,
  1, 1, 1, 1, 1, 0, 0, 0, 0, 0, 0, 0, 0, 0, 0, 0, 0, 5, 5, 1, 1, 1, 1, 1, 1, 1, 1,
  1, 1, 1, 1, 1, 1, 1, 1, 1, 1, 1, 2, 2, 2, 1, 1, 1, 1, 2, 1, 1, 1, 1, 2, 1, 1, 1,
  5, 5, 1, 1, 2, 1, 1, 1, 1, 1, 1, 1, 1, 1, 1, 1, 2, 2, 0, 0, 0, 0, 0, 0, 0, 0, 0,
  0, 0, 0, 0, 0, 0, 0, 0, 0, 0, 0, 5, 1, 1, 5, 5, 5, 5, 1, 1, 1, 0, 0, 0, 0, 0, 0,
  0, 0, 5, 1, 5, 0, 0, 0, 0, 1, 1, 1, 1, 1, 1, 1, 1, 1, 1, 1, 1, 1, 1, 1, 1, 1, 2,
  2, 1, 1, 1, 1, 2, 2, 2, 2, 2, 1, 2, 1, 1, 2, 2, 1, 1, 1, 1, 2, 1, 2, 1, 1, 1, 1,
  1, 1, 2, 1, 1, 1, 1, 1, 1, 2, 0, 0, 0, 0, 0, 0, 0, 0, 0, 0, 0, 0, 0, 0, 0, 0, 0,
  0, 1, 5, 5, 1, 1, 5, 0, 0, 0, 0, 0, 0, 0, 0, 0, 0, 1, 5, 0, 5, 5, 5, 1, 5, 5, 5,
  0, 5, 1, 5, 1, 1, 1, 1, 1, 1, 1, 1, 1, 1, 1, 1, 1, 1, 1, 1, 1, 2, 1, 1, 1, 1, 1,
  2, 5, 2, 2, 1, 1, 1, 2, 1, 2, 2, 2, 1, 1, 1, 1, 1, 1, 1, 1, 2, 2, 1, 1, 5, 5, 1,
  1, 2, 0, 0, 0, 0, 0, 0, 0, 0, 0, 0, 0, 0, 0, 0, 0, 0, 0, 0, 0, 0, 0, 1, 0, 0, 0,
  0, 0, 0, 0, 0, 0, 0, 0, 5, 1, 1, 1, 1, 1, 1, 1, 1, 1, 5, 5, 1, 1, 5, 1, 1, 1, 1,
  1, 1, 1, 1, 1, 1, 1, 1, 1, 1, 2, 1, 2, 2, 2, 2, 1, 1, 1, 2, 5, 5, 2, 2, 1, 2, 3,
  3, 3, 2, 2, 1, 1, 1, 1, 1, 1, 1, 2, 2, 1, 1, 1, 5, 5, 5, 2, 2, 0, 0, 0, 0, 0, 0,
  0, 0, 0, 0, 0, 0, 0, 0, 0, 0, 0, 0, 0, 0, 0, 0, 0, 0, 0, 0, 0, 0, 0, 0, 0, 0, 0,
  5, 1, 1, 1, 1, 1, 1, 1, 1, 1, 1, 1, 1, 1, 1, 1, 1, 1, 1, 1, 1, 1, 1, 1, 1, 1, 1,
  1, 2, 1, 2, 2, 1, 1, 3, 2, 3, 3, 2, 3, 2, 3, 3, 3, 2, 1, 1, 5, 3, 3, 2, 1, 1, 1,
  1, 1, 1, 1, 1, 2, 1, 1, 5, 0, 0, 0, 5, 0, 0, 0, 0, 0, 0, 0, 0, 0, 0, 0, 0, 0, 0,
  0, 0, 0, 0, 0, 0, 0, 0, 1, 0, 0, 0, 0, 0, 0, 0, 0, 5, 5, 1, 1, 2, 1, 1, 1, 1, 1,
  1, 1, 1, 2, 1, 1, 1, 1, 1, 1, 1, 1, 1, 1, 1, 1, 1, 1, 2, 1, 1, 1, 1, 1, 1, 1, 3,
  3, 1, 2, 3, 2, 2, 2, 2, 3, 3, 2, 1, 2, 3, 2, 1, 1, 1, 1, 1, 1, 1, 1, 1, 1, 1, 0,
  0, 0, 0, 0, 0, 0, 0, 0, 0, 0, 0, 0, 0, 0, 0, 0, 0, 0, 0, 0, 0, 0, 0, 0, 0, 0, 0,
  5, 1, 0, 0, 0, 0, 0, 0, 5, 5, 1, 1, 1, 1, 1, 2, 2, 2, 1, 1, 2, 1, 2, 2, 1, 1, 1,
  3, 3, 1, 1, 1, 1, 1, 1, 1, 1, 1, 1, 1, 1, 1, 1, 1, 2, 2, 2, 1, 1, 2, 2, 1, 1, 2,
  1, 1, 3, 2, 2, 3, 1, 1, 1, 1, 1, 1, 1, 1, 1, 1, 1, 0, 0, 0, 0, 0, 0, 0, 0, 0, 0,
  0, 0, 0, 0, 0, 0, 0, 0, 0, 0, 0, 0, 0, 0, 0, 1, 1, 0, 0, 1, 1, 0, 0, 5, 1, 1, 1,
  1, 1, 1, 1, 1, 1, 1, 1, 1, 2, 2, 2, 1, 1, 1, 1, 1, 1, 1, 3, 1, 1, 1, 1, 1, 1, 1,
  1, 1, 1, 1, 1, 1, 1, 1, 1, 1, 1, 2, 1, 1, 1, 1, 1, 1, 1, 1, 1, 3, 3, 2, 3, 3, 2,
  1, 1, 1, 1, 2, 1, 1, 5, 0, 0, 0, 0, 0, 0, 0, 0, 0, 0, 0, 0, 0, 0, 0, 0, 0, 0, 0,
  0, 0, 0, 0, 0, 0, 1, 1, 1, 1, 0, 1, 1, 5, 1, 2, 1, 1, 1, 1, 1, 1, 1, 1, 1, 1, 1,
  1, 2, 1, 1, 2, 2, 1, 1, 1, 1, 1, 1, 1, 1, 1, 1, 1, 1, 1, 1, 1, 2, 1, 1, 1, 1, 1,
  1, 1, 1, 1, 1, 1, 1, 1, 1, 1, 1, 1, 1, 1, 1, 3, 3, 2, 3, 2, 1, 1, 1, 2, 1, 1, 0,
  0, 0, 0, 0, 0, 0, 0, 0, 0, 0, 0, 0, 0, 0, 0, 0, 0, 0, 0, 0, 0, 0, 0, 0, 0, 0, 1,
  1, 1, 2, 1, 1, 1, 1, 2, 2, 1, 1, 1, 1, 1, 1, 1, 1, 1, 1, 1, 1, 1, 1, 1, 2, 1, 1,
  1, 1, 1, 1, 1, 1, 1, 1, 1, 1, 1, 1, 1, 2, 2, 1, 1, 1, 1, 1, 1, 1, 1, 1, 1, 1, 1,
  1, 1, 1, 1, 1, 1, 1, 1, 2, 3, 3, 3, 2, 1, 1, 1, 1, 0, 0, 0, 0, 0, 0, 0, 0, 0, 0,
  0, 0, 0, 0, 0, 0, 0, 0, 0, 0, 0, 0, 0, 0, 0, 0, 0, 1, 1, 1, 1, 2, 2, 2, 1, 1, 1,
  2, 2, 2, 1, 1, 1, 1, 1, 1, 1, 1, 1, 2, 1, 1, 1, 2, 2, 1, 1, 1, 1, 1, 1, 1, 1, 1,
  1, 1, 1, 1, 1, 1, 2, 1, 1, 1, 1, 1, 1, 1, 1, 1, 1, 1, 1, 1, 1, 1, 1, 1, 1, 1, 1,
  1, 1, 2, 2, 3, 2, 1, 5, 5, 0, 0, 0, 0, 0, 0, 0, 0, 0, 0, 0, 0, 0, 0, 0, 0, 0, 0,
  0, 0, 0, 0, 0, 0, 0, 0, 0, 0, 0, 0, 0, 1, 1, 5, 1, 1, 1, 1, 1, 1, 1, 1, 1, 1, 1,
  1, 2, 1, 1, 2, 1, 1, 1, 1, 1, 1, 1, 1, 1, 1, 1, 1, 1, 1, 1, 1, 1, 1, 1, 2, 1, 1,
  1, 2, 1, 1, 1, 1, 1, 1, 1, 1, 1, 1, 1, 1, 1, 1, 1, 1, 1, 2, 1, 1, 3, 1, 1, 1, 5,
  5, 0, 0, 0, 0, 0, 0, 0, 0, 0, 0, 0, 0, 0, 0, 0, 0, 0, 0, 0, 0, 0, 0, 0, 0, 0, 0,
  0, 0, 0, 0, 0, 0, 0, 0, 5, 1, 1, 1, 1, 1, 1, 1, 1, 1, 1, 1, 2, 1, 1, 2, 1, 1, 1,
  1, 1, 1, 1, 1, 1, 1, 1, 1, 1, 1, 1, 1, 1, 1, 1, 1, 1, 1, 1, 1, 2, 1, 1, 1, 1, 1,
  1, 1, 1, 1, 2, 1, 1, 1, 1, 1, 2, 2, 2, 1, 3, 2, 1, 5, 5, 5, 0, 0, 0, 0, 0, 0, 0,
  0, 0, 0, 0, 0, 0, 0, 0, 0, 0, 0, 0, 0, 0, 0, 0, 0, 0, 0, 0, 0, 0, 0, 0, 0, 0, 0,
  0, 5, 1, 1, 1, 1, 1, 1, 1, 1, 1, 1, 2, 2, 2, 1, 2, 1, 1, 1, 2, 1, 2, 2, 2, 2, 1,
  1, 2, 1, 1, 1, 1, 1, 1, 1, 1, 2, 2, 2, 1, 1, 1, 1, 1, 1, 1, 1, 1, 2, 2, 1, 1, 1,
  1, 2, 2, 1, 1, 2, 2, 2, 5, 5, 1, 1, 0, 0, 0, 0, 0, 0, 0, 0, 0, 0, 0, 0, 0, 0, 0,
  0, 0, 0, 0, 0, 0, 0, 0, 0, 0, 0, 0, 0, 0, 0, 0, 0, 0, 0, 0, 0, 1, 1, 1, 1, 1, 1,
  1, 1, 1, 2, 2, 1, 1, 1, 1, 2, 2, 2, 2, 3, 3, 3, 2, 3, 2, 2, 1, 2, 1, 1, 2, 1, 3,
  3, 3, 3, 3, 3, 2, 2, 2, 1, 1, 1, 1, 1, 1, 1, 1, 1, 1, 1, 1, 1, 1, 1, 1, 2, 3, 3,
  2, 1, 1, 0, 0, 0, 0, 0, 0, 0, 0, 0, 0, 0, 0, 0, 0, 0, 0, 0, 0, 0, 0, 0, 0, 0, 0,
  0, 0, 0, 0, 0, 0, 0, 0, 0, 0, 0, 0, 5, 1, 1, 1, 1, 1, 1, 2, 1, 1, 1, 1, 2, 1, 1,
  2, 3, 3, 3, 1, 3, 3, 3, 1, 3, 3, 1, 3, 3, 3, 3, 3, 1, 3, 3, 3, 3, 1, 1, 1, 2, 1,
  1, 1, 1, 1, 1, 1, 1, 1, 1, 1, 1, 1, 1, 2, 2, 2, 3, 3, 2, 5, 1, 1, 2, 0, 0, 0, 0,
  0, 0, 0, 0, 0, 0, 0, 0, 0, 0, 0, 0, 0, 0, 0, 0, 0, 0, 0, 0, 0, 0, 0, 0, 0, 0, 0,
  0, 0, 0, 0, 5, 1, 1, 2, 2, 1, 1, 1, 1, 1, 1, 1, 1, 1, 1, 1, 3, 1, 1, 1, 3, 3, 3,
  3, 2, 3, 3, 3, 3, 3, 3, 3, 3, 3, 2, 2, 3, 1, 1, 0, 1, 1, 1, 1, 1, 2, 2, 1, 1, 1,
  1, 1, 1, 2, 2, 2, 3, 3, 3, 3, 1, 1, 5, 2, 2, 0, 0, 0, 0, 0, 0, 0, 0, 0, 0, 0, 0,
  0, 0, 0, 0, 0, 0, 0, 0, 0, 0, 0, 0, 0, 0, 0, 0, 0, 0, 0, 0, 0, 0, 0, 5, 5, 1, 1,
  1, 1, 1, 1, 1, 1, 1, 1, 2, 1, 1, 2, 1, 1, 1, 3, 3, 3, 2, 2, 1, 1, 2, 2, 3, 3, 2,
  2, 1, 2, 2, 3, 1, 1, 1, 0, 0, 1, 2, 1, 1, 2, 1, 1, 1, 1, 2, 2, 1, 1, 1, 2, 5, 5,
  5, 1, 2, 1, 2, 2, 1, 0, 0, 0, 0, 0, 0, 0, 0, 0, 3, 0, 0, 0, 0, 0, 0, 0, 0, 0, 0,
  0, 0, 0, 0, 0, 0, 0, 0, 0, 0, 0, 0, 0, 0, 0, 5, 1, 1, 1, 1, 1, 1, 1, 2, 3, 2, 2,
  1, 2, 1, 2, 1, 1, 2, 3, 1, 3, 1, 1, 1, 1, 1, 1, 1, 1, 1, 2, 1, 1, 1, 1, 1, 1, 0,
  0, 0, 0, 2, 1, 1, 1, 1, 1, 1, 1, 1, 1, 1, 1, 1, 2, 1, 5, 2, 2, 2, 2, 2, 1, 1, 0,
  0, 0, 0, 0, 0, 0, 1, 1, 1, 0, 0, 0, 0, 0, 0, 0, 0, 0, 0, 0, 0, 0, 0, 0, 0, 0, 0,
  0, 0, 0, 0, 0, 0, 0, 0, 1, 1, 1, 1, 1, 1, 1, 3, 2, 1, 1, 1, 2, 1, 2, 2, 2, 1, 2,
  3, 1, 1, 2, 2, 1, 1, 1, 1, 1, 1, 1, 1, 1, 1, 2, 1, 0, 0, 0, 0, 0, 0, 1, 1, 1, 1,
  1, 1, 2, 2, 2, 1, 1, 1, 1, 2, 3, 1, 1, 1, 1, 1, 1, 1, 1, 0, 6, 0, 0, 0, 1, 1, 1,
  3, 0, 0, 0, 0, 0, 0, 0, 0, 0, 0, 0, 0, 0, 0, 0, 0, 0, 0, 0, 0, 0, 0, 0, 0, 0, 0,
  1, 1, 1, 1, 1, 1, 1, 1, 2, 1, 1, 1, 3, 1, 1, 1, 1, 1, 2, 2, 1, 1, 2, 0, 0, 0, 1,
  1, 1, 1, 1, 1, 1, 1, 1, 1, 0, 0, 0, 0, 0, 0, 2, 2, 1, 1, 1, 1, 1, 1, 1, 1, 1, 1,
  1, 1, 1, 1, 1, 1, 1, 1, 1, 0, 0, 0, 1, 6, 6, 2, 3, 6, 1, 2, 0, 0, 0, 0, 0, 0, 0,
  0, 0, 0, 0, 0, 0, 0, 0, 0, 0, 1, 1, 1, 0, 0, 0, 2, 0, 0, 1, 1, 1, 1, 1, 1, 1, 2,
  2, 2, 2, 3, 1, 0, 0, 0, 0, 0, 0, 0, 1, 2, 0, 0, 0, 0, 1, 2, 2, 2, 2, 1, 1, 1, 1,
  1, 0, 0, 0, 0, 0, 0, 0, 1, 1, 1, 1, 1, 1, 1, 1, 2, 3, 3, 2, 1, 1, 1, 1, 1, 1, 1,
  1, 0, 0, 0, 1, 2, 2, 3, 3, 6, 2, 1, 0, 0, 0, 0, 0, 0, 0, 0, 0, 0, 0, 0, 0, 0, 0,
  0, 0, 1, 2, 2, 2, 6, 1, 2, 2, 3, 1, 2, 1, 1, 1, 1, 1, 1, 2, 1, 1, 1, 1, 0, 0, 0,
  0, 0, 0, 0, 0, 0, 0, 0, 0, 0, 0, 1, 1, 2, 1, 2, 3, 1, 1, 1, 0, 0, 0, 0, 0, 0, 0,
  0, 0, 1, 1, 1, 1, 2, 2, 2, 3, 1, 3, 3, 3, 1, 3, 3, 1, 1, 0, 0, 0, 1, 1, 1, 2, 3,
  1, 3, 2, 1, 0, 0, 0, 0, 0, 0, 0, 0, 0, 0, 0, 0, 0, 0, 0, 1, 1, 1, 2, 6, 6, 1, 1,
  1, 2, 3, 1, 1, 1, 1, 1, 1, 1, 1, 1, 1, 1, 0, 0, 0, 0, 0, 0, 0, 0, 0, 0, 0, 0, 0,
  0, 0, 0, 0, 1, 1, 1, 2, 2, 3, 1, 1, 1, 0, 0, 0, 0, 0, 0, 0, 1, 1, 1, 1, 1, 2, 2,
  2, 1, 1, 2, 3, 1, 3, 0, 0, 0, 1, 0, 0, 1, 2, 2, 6, 2, 1, 1, 1, 2, 1, 0, 0, 0, 0,
  0, 0, 0, 0, 0, 0, 0, 0, 0, 0, 0, 1, 1, 2, 2, 1, 6, 6, 1, 1, 1, 3, 3, 2, 1, 1, 1,
  1, 1, 1, 1, 0, 0, 0, 0, 0, 0, 0, 0, 2, 2, 0, 0, 0, 0, 0, 0, 0, 0, 0, 0, 0, 0, 1,
  2, 3, 3, 3, 2, 0, 0, 0, 0, 0, 0, 0, 0, 1, 1, 2, 1, 1, 1, 2, 2, 1, 1, 2, 2, 2, 1,
  1, 0, 0, 0, 0, 2, 1, 6, 2, 6, 2, 2, 6, 2, 6, 0, 0, 0, 0, 0, 0, 0, 0, 0, 0, 0, 0,
  0, 0, 0, 1, 1, 2, 2, 1, 1, 1, 1, 1, 1, 2, 3, 3, 3, 2, 2, 3, 2, 2, 1, 0, 0, 0, 0,
  0, 0, 0, 0, 1, 1, 0, 0, 0, 0, 0, 0, 0, 0, 0, 0, 0, 0, 0, 1, 2, 2, 3, 1, 0, 1, 0,
  0, 0, 0, 0, 0, 0, 2, 1, 1, 1, 1, 1, 1, 2, 1, 1, 1, 1, 1, 1, 0, 0, 0, 0, 0, 6, 1,
  1, 1, 3, 3, 2, 6, 1, 0, 0, 0, 0, 0, 0, 0, 0, 0, 0, 0, 0, 0, 0, 1, 1, 2, 1, 1, 1,
  1, 1, 1, 2, 2, 1, 1, 2, 3, 3, 3, 3, 3, 1, 1, 0, 0, 0, 0, 0, 0, 0, 0, 0, 1, 0, 0,
  0, 0, 0, 0, 0, 0, 0, 0, 0, 0, 0, 1, 1, 1, 3, 3, 2, 1, 0, 0, 0, 0, 0, 0, 0, 2, 2,
  1, 1, 1, 2, 1, 2, 1, 1, 1, 1, 0, 1, 0, 0, 0, 0, 0, 1, 1, 1, 6, 6, 2, 2, 1, 1, 0,
  0, 0, 0, 0, 0, 0, 0, 0, 0, 0, 0, 0, 0, 1, 2, 1, 6, 1, 6, 1, 1, 1, 2, 1, 1, 1, 1,
  2, 1, 3, 3, 1, 1, 0, 0, 0, 0, 0, 0, 0, 0, 0, 0, 0, 0, 0, 0, 0, 0, 0, 0, 0, 0, 0,
  0, 0, 0, 0, 1, 1, 1, 2, 2, 1, 1, 1, 0, 0, 0, 0, 0, 2, 1, 1, 2, 2, 2, 1, 2, 1, 1,
  1, 0, 0, 0, 0, 0, 0, 0, 0, 2, 2, 1, 1, 2, 1, 1, 6, 1, 0, 0, 0, 0, 0, 0, 0, 0, 0,
  0, 0, 0, 0, 0, 1, 1, 1, 6, 6, 6, 6, 1, 6, 1, 1, 1, 1, 1, 1, 1, 1, 2, 1, 0, 0, 0,
  0, 0, 0, 0, 0, 0, 0, 0, 0, 2, 1, 0, 0, 0, 0, 0, 0, 0, 0, 0, 0, 0, 0, 0, 1, 1, 1,
  1, 2, 1, 1, 1, 0, 0, 0, 0, 1, 2, 1, 1, 2, 2, 2, 1, 2, 3, 3, 0, 0, 0, 0, 0, 0, 0,
  0, 1, 1, 1, 6, 1, 2, 2, 2, 6, 0, 0, 0, 0, 0, 0, 0, 0, 0, 0, 0, 0, 0, 0, 0, 1, 1,
  6, 1, 2, 6, 1, 6, 1, 1, 1, 2, 2, 1, 1, 2, 1, 0, 0, 0, 0, 0, 0, 0, 0, 0, 0, 0, 1,
  1, 2, 1, 1, 0, 0, 0, 0, 0, 0, 0, 0, 0, 0, 0, 0, 0, 0, 1, 2, 1, 1, 1, 6, 6, 0, 0,
  0, 0, 0, 0, 2, 6, 2, 1, 3, 3, 2, 2, 1, 0, 0, 0, 0, 0, 0, 0, 2, 1, 2, 6, 1, 2, 3,
  2, 1, 0, 0, 0, 0, 0, 0, 0, 0, 0, 0, 0, 0, 0, 0, 1, 1, 1, 2, 6, 2, 1, 6, 6, 2, 1,
  2, 1, 1, 1, 1, 1, 1, 0, 0, 0, 0, 0, 0, 0, 0, 0, 0, 0, 0, 1, 1, 2, 6, 0, 0, 0, 0,
  0, 0, 0, 0, 0, 0, 0, 0, 0, 0, 1, 2, 6, 0, 0, 6, 6, 6, 0, 0, 0, 0, 2, 1, 1, 1, 3,
  3, 6, 0, 6, 1, 1, 0, 0, 0, 0, 0, 0, 1, 2, 1, 1, 6, 3, 2, 2, 2, 0, 0, 0, 0, 0, 0,
  0, 0, 0, 0, 0, 0, 0, 0, 1, 1, 2, 6, 2, 1, 6, 6, 6, 6, 1, 1, 2, 2, 2, 1, 1, 1, 0,
  0, 0, 0, 0, 0, 0, 0, 0, 0, 0, 0, 0, 1, 2, 6, 0, 0, 0, 0, 0, 0, 0, 0, 0, 0, 0, 0,
  0, 0, 1, 6, 6, 0, 0, 0, 0, 1, 0, 0, 0, 0, 6, 0, 0, 0, 2, 1, 6, 0, 0, 0, 1, 0, 0,
  0, 0, 0, 0, 0, 1, 1, 1, 6, 6, 1, 1, 1, 0, 0, 0, 0, 0, 0, 0, 0, 0, 0, 0, 0, 0, 0,
  1, 1, 2, 2, 2, 2, 6, 6, 1, 1, 1, 1, 2, 1, 2, 1, 1, 0, 0, 0, 0, 0, 0, 0, 0, 0, 0,
  0, 0, 0, 0, 1, 2, 1, 0, 0, 0, 0, 0, 0, 0, 0, 0, 0, 0, 0, 0, 0, 1, 1, 2, 0, 0, 0,
  0, 0, 0, 0, 0, 0, 0, 0, 6, 1, 2, 1, 0, 0, 0, 0, 0, 0, 0, 0, 0, 0, 0, 0, 0, 0, 1,
  1, 2, 2, 3, 3, 0, 0, 0, 0, 0, 0, 0, 0, 0, 0, 0, 0, 0, 0, 6, 6, 2, 1, 1, 1, 2, 2,
  1, 1, 1, 1, 1, 1, 0, 0, 0, 0, 0, 0, 0, 0, 0, 0, 0, 0, 0, 0, 0, 0, 0, 0, 0, 0, 0,
  0, 0, 0, 0, 0, 0, 0, 1, 0, 0, 0, 0, 1, 2, 2, 6, 6, 0, 0, 0, 0, 0, 0, 0, 0, 0, 0,
  0, 0, 1, 1, 6, 0, 0, 0, 0, 0, 0, 0, 0, 0, 0, 0, 0, 0, 0, 1, 2, 2, 2, 1, 0, 0, 0,
  0, 0, 0, 0, 0, 0, 0, 0, 0, 0, 0, 1, 6, 1, 1, 1, 1, 1, 1, 1, 1, 3, 3, 0, 0, 0, 0,
  0, 0, 0, 0, 0, 0, 0, 0, 0, 0, 0, 0, 0, 0, 0, 0, 0, 0, 0, 0, 0, 0, 0, 0, 0, 0, 2,
  1, 2, 2, 0, 1, 2, 1, 0, 0, 0, 0, 0, 0, 0, 0, 0, 0, 0, 0, 0, 0, 0, 6, 1, 0, 0, 0,
  0, 0, 0, 0, 1, 1, 0, 0, 0, 0, 0, 0, 0, 0, 0, 0, 0, 0, 0, 0, 0, 0, 0, 0, 0, 0, 0,
  0, 0, 0, 1, 1, 0, 0, 1, 1, 1, 1, 3, 1, 0, 1, 0, 0, 0, 0, 0, 0, 0, 0, 0, 0, 0, 0,
  0, 0, 0, 0, 0, 0, 0, 0, 0, 0, 0, 0, 0, 0, 0, 0, 0, 6, 2, 1, 1, 1, 0, 0, 0, 0, 0,
  0, 0, 0, 0, 0, 0, 0, 0, 0, 0, 0, 0, 0, 0, 0, 0, 0, 0, 1, 1, 1, 1, 1, 1, 0, 0, 0,
  0, 0, 0, 0, 0, 0, 0, 0, 0, 0, 0, 0, 0, 0, 0, 0, 0, 0, 0, 0, 0, 0, 0, 0, 0, 0, 0,
  1, 2, 2, 3, 0, 0, 0, 0, 0, 0, 0, 0, 0, 0, 0, 0, 0, 0, 0, 0, 0, 0, 0, 0, 0, 0, 0,
  0, 0, 0, 0, 0, 0, 0, 0, 0, 0, 0, 0, 1, 2, 0, 0, 0, 0, 0, 0, 0, 0, 0, 0, 0, 0, 0,
  0, 0, 0, 0, 0, 0, 0, 0, 0, 6, 6, 0, 0, 0, 0, 0, 0, 0, 0, 0, 0, 0, 0, 0, 0, 0, 0,
  0, 0, 0, 0, 0, 0, 0, 0, 0, 0, 0, 0, 0, 0, 0, 0, 0, 0, 0, 0, 0, 0, 0, 0, 0, 0, 0,
  0, 0, 0, 0, 0, 0, 0, 0, 0, 0, 0, 0, 0, 0, 0, 0, 0, 0, 0, 0, 0, 0, 0, 0, 0, 0, 0,
  0, 0, 0, 0, 0, 2, 0, 0, 0, 0, 0, 0, 0, 0, 0, 0, 0, 0, 0, 0, 0, 0, 0, 0, 0, 0, 0,
  0, 0, 0, 0, 0, 0, 0, 0, 0, 0, 0, 0, 0, 0, 0, 0, 0, 0, 0, 0, 0, 0, 0, 0, 0, 0, 0,
  0, 0, 0, 0, 0, 0, 0, 0, 0, 0, 0, 6, 0, 0, 0, 0, 0, 0, 0, 0, 0, 0, 0, 0, 0, 0, 0,
  0, 0, 0, 0, 0, 0, 0, 0, 0, 0, 0, 0, 0, 0, 1, 6, 6, 0, 0, 0, 0, 0, 0, 0, 0, 0, 0,
  0, 0, 0, 0, 0, 0, 0, 0, 0, 0, 0, 0, 0, 0, 0, 0, 0, 0, 0, 0, 0, 0, 0, 0, 0, 0, 0,
  0, 0, 0, 0, 0, 0, 0, 0, 0, 0, 0, 0, 0, 0, 0, 0, 0, 0, 0, 0, 0, 0, 0, 0, 0, 0, 0,
  0, 0, 0, 6, 6, 0, 0, 0, 0, 0, 0, 0, 0, 0, 0, 0, 0, 0, 0, 0, 0, 0, 0, 0, 0, 0, 0,
  0, 0, 0, 0, 0, 0, 1, 1, 6, 6, 1, 0, 0, 0, 0, 0, 0, 0, 0, 0, 0, 0, 0, 0, 0, 0, 0,
  0, 0, 0, 0, 0, 0, 0, 0, 0, 0, 0, 0, 0, 0, 0, 0, 0, 0, 0, 0, 0, 0, 0, 0, 0, 0, 0,
  0, 0, 0, 0, 0, 0, 0, 0, 0, 0, 0, 0, 0, 0, 0, 0, 0, 0, 0, 0, 6, 6, 1, 6, 6, 0, 0,
  0, 0, 0, 0, 0, 0, 0, 0, 0, 0, 0, 0, 0, 0, 0, 0, 0, 0, 0, 0, 1, 1, 6, 6, 2, 1, 1,
  1, 6, 6, 0, 0, 0, 0, 0, 0, 0, 0, 0, 0, 0, 0, 0, 0, 0, 0, 0, 0, 0, 0, 0, 0, 0, 0,
  0, 0, 0, 0, 1, 6, 0, 0, 0, 0, 0, 0, 6, 1, 1, 1, 0, 0, 0, 0, 0, 0, 0, 0, 0, 0, 0,
  0, 0, 0, 0, 0, 0, 0, 0, 0, 0, 0, 6, 1, 1, 2, 1, 2, 1, 0, 0, 0, 0, 0, 0, 0, 0, 0,
  0, 0, 0, 0, 0, 0, 0, 0, 0, 0, 1, 1, 1, 6, 6, 6, 2, 2, 3, 3, 3, 1, 1, 6, 0, 0, 0,
  0, 0, 0, 0, 0, 0, 0, 0, 0, 0, 0, 0, 0, 0, 0, 0, 0, 0, 1, 1, 6, 2, 1, 1, 2, 6, 6,
  6, 6, 6, 6, 6, 6, 1, 1, 1, 1, 1, 0, 0, 0, 0, 0, 0, 0, 0, 0, 0, 0, 0, 0, 0, 0, 0,
  0, 0, 0, 6, 6, 2, 1, 6, 2, 1, 0, 1, 1, 0, 0, 0, 0, 0, 0, 0, 0, 0, 0, 0, 0, 0, 0,
  0, 6, 1, 1, 6, 2, 2, 2, 2, 3, 3, 3, 6, 1, 1, 6, 1, 1, 0, 0, 0, 0, 0, 0, 0, 0, 0,
  0, 0, 0, 0, 0, 0, 0, 0, 1, 1, 6, 6, 3, 3, 6, 6, 2, 2, 2, 2, 3, 6, 2, 3, 6, 6, 1,
  1, 1, 1, 6, 1, 0, 0, 0, 0, 0, 0, 0, 0, 0, 1, 1, 1, 1, 6, 6, 1, 1, 1, 6, 1, 6, 2,
  3, 1, 1, 6, 1, 1, 1, 1, 1, 1, 0, 1, 1, 0, 0, 0, 1, 1, 6, 1, 1, 6, 1, 6, 3, 2, 6,
  6, 6, 6, 6, 6, 1, 1, 1, 1, 1, 0, 0, 0, 0, 0, 0, 0, 0, 0, 0, 0, 0, 0, 0, 0, 0, 0,
  1, 1, 2, 3, 6, 6, 6, 6, 6, 6, 1, 2, 2, 2, 1, 1, 1, 1, 1, 1, 1, 1, 6, 1, 6, 0, 0,
  0, 6, 6, 6, 1, 6, 6, 2, 2, 1, 6, 1, 2, 6, 6, 1, 2, 6, 2, 6, 3, 3, 1, 6, 1, 1, 6,
  6, 6, 1, 6, 6, 1, 1, 1, 1, 1, 6, 6, 6, 1, 1, 6, 6, 6, 1, 1, 6, 6, 1, 6, 6, 6, 1,
  1, 0, 0, 0, 0, 0, 0, 0, 0, 0, 0, 0, 0, 0, 0, 0, 0, 0, 0, 1, 2, 2, 6, 6, 6, 1, 6,
  6, 6, 6, 6, 3, 6, 2, 6, 6, 6, 1, 1, 1, 1, 1, 1, 6, 0, 0, 0, 6, 6, 3, 2, 6, 6, 6,
  6, 6, 6, 6, 6, 6, 1, 6, 1, 6, 6, 1, 1, 6, 6, 6, 6, 6, 1, 1, 6, 6, 6, 6, 6, 6, 1,
  6, 6, 6, 6, 6, 6, 1, 6, 6, 1, 1, 1, 1, 1, 1, 6, 6, 6, 6, 6, 1, 0, 0, 0, 0, 0, 0,
  0, 0, 0, 0, 0, 0, 0, 0, 0, 0, 1, 6, 6, 6, 6, 6, 1, 1, 6, 6, 6, 1, 6, 1, 6, 6, 6,
  6, 6, 1, 1, 1, 1, 1, 1, 6]
